EXTERIOR PICTURES
29, 29, 293, 226
669, 29, 933, 226
1309, 29, 1573, 226
29, 568, 293, 765
669, 568, 933, 765
1309, 568, 1573, 765

INTERIOR PICTURES
353, 29, 611, 226
989, 29, 1253, 226
1635, 29, 1899, 226
353, 568, 611, 765
989, 568, 1253, 765
1635, 568, 1899, 765

BEDROOMS
31, 252, 313, 318
659, 252, 941, 318
1307, 252, 1589, 318
31, 800, 313, 866
659, 800, 941, 866
1307, 800, 1589, 866

BATHROOMS
313, 318, 617, 318
= bedrooms + x(282)

SQ FT
115, 328, 531, 390
757, 328, 1173, 390
1399, 328, 1815, 390
115, 872, 531, 934
757, 872, 1173, 934
1399, 872, 1815, 390

LIST PRICE

81, 408, 571, 470
720, 408, 1210, 470
1359, 408, 1849, 470
81, 950, 571, 1012
720, 950, 1210, 1012
1359, 950, 1849, 1012
